0611

Placere. 10 (1111101 d'uo notent, 000.

01101001(Ι11111 1110111111), 070.

Plano, 01111111111, 00.

0111101 (1111111111 111 11111 011 011-0111111111),
111,111.

1111111111, 000.

1101110000, 101, 000, 0001001111, 70,
110, 100.

Ponere, 1111, 100, 010, 010.

Pate, 111110111οι11(110, 170.

Potius... quom, 1100 011 103001111111111 111
1011011 1110111110, 011.

0111υο(111111), 001.

0101111110, 11101111 argomento, 010.

1011011111 111111,100, 007 0111111111.

Ριι1100,01,000; prono, 00, 107, 001.

Prinna (portes), 01, 100.

Ρ111110511111, 00.

Procurator. 17,

Pmducore (1111 populum), 017.

ensem, 1(0011111 01 (110011, 00.

0101101111, 000.

0011111101 (1111 dicendam), 100,·

Pmoun, indiquer d’ovoneo 101 (11111111
110111110οη, 100, 017, 007.

01011101. Propria 11111, 071, 017( pm·
prio 10 definita disputatio (11160101),
000.

01001111, 100, 110, 100, 100, 000, 010,
000((11·11001101,00, 100, 000.

0101111111, 00, 00, 07, 100, 101, 110,
100, 001, 000 0111111111.

00111110 (1111111), 101.

111111, 111, 111, 111( pm. 111,

0011110, 001.

Quum, 11110 000 01001105001111111, 00.

(11001101, 000.

(11111110, (111111, 0ος (1111111111μ1μ111,
100111111111111,1111111101011111101,077.

0011110 0011101111 (01011), 001.

Quando = quondoquidem, 001.

Quum, monument pothe'tique, 111.

(1111, 1010111 do quippe (111, 00, 011 (11
1111 10 10111 0110001011, 001( (1111111-
11111, 1111111011111111, 00.

(1111111111 1111111, d'une 1111111011 1110100,
1110 (11111 (1111, 00, 110.

7111111, 111, 111.

01111(μ10101;),11, 111, 111, 111, 111,
111, 111.

Recipe 01111011, 07, 100, 007.

111111ου1101, 101, 000, 000, 071.

noceo 1111, 000.

1110101, 000.

lle-linum. 1111111111, 00.

INDEX.

0111110, 101.

1111010111, 01, 000, 010. ·

1111011111 (111 refellendo), 110.

Acyllam ((11000111), omphibologique, 101 ;
1001-011100110 dom 0110 proposition
1111011110, 17.

11101110 1111111111, 00.

Religio, 111, 111.

1111111110 (11111), 011.

1111111101 (1110111 1111111), 017.

11111ιὶ11010, 111111111οι11, 110.

Repentinus 11111111 = 11111110 11111111, 010.

Romanunm (1111111), 000.

Repeomimre, 1011110 (01101000, 111.

Respondeat (dejure), 110,117,100, 111,
000.

1111111110, 171.

1101111010, 111(1(11101 011 1111111, 000.

11110111,ο(1(1111’1 1111111111, 000.

1110100101 (0111101), 010, 001( ridicule,
171, 111.

1101011111 111111111111110111111111, 070

11111111111111111111), 01.
81110011(11111111111“1), 00, 00, 000.
31111111 (1111111111), 01, 001.

811101, 01, 000, 070, 070, 001.

01111111 (1111111111), 100.

811101 (armentu), 170,

mma, 11, 111, 111.

0111111111, 00.

Sectam sequi, 100.

semia (portes), 010.

Sed, 10111 0110 (11110111111,01. 01 et
(10111111.

0011011110, 111111, 070.

8011111101011 (genus 1111111111), 000.

Smu (1011111111), 010.

01101111, 000.

Succos. 000.

01111111111111111, 011110100011, 110.

Smenos. 000, 007, 001.

Si (1113911101111111, 010.

1111111 1111111111 Latiam, 00.

sedulius, 100.

Souna· (genos 11111101), 001.

,11111101 111..., 007.

8010101011111), 170, 171, 100, 110,
071( 11111111 111 gesto. 000( 101010, 110,
1711, 100, 0110, 010, 011, 0811, ³¹7.

3011000 (0001110111),Ξό0.

801100(111111’1111’1), 100, 107, 17ος 111111
00110, 1³³.

0110111, 001.

0111111111, 000.

01011111.
8011101000, 01 (1111111 11111111, 70,

 

