INDEX.

101, 001, 010, 001, 07ος splendida
0011, 0011.

01111110110110111111), 010, 0001 111111-
1101 111111 et 1111111111, 000, 000, 000.

30010Ιί1111, 000.

Seamjndex, 000.

0111111111 (111111), 110, 000.

011101, 00, 100, 107, 001.

811100101(1111)1111·), 01.

0111011011 (verborum). 00.

0111011101, 071.

Suum (111011), 010. sumre, 1111110111
111 arguments, 010.

01001011111111111111 μελέτη (11. Doc-
111111, 11111111, exercitatio), 000, 007,
010, 070, 000, 000, 000 11 passim.

801111 (oratio), 100, 000;1111111 1111,
111, 111.

00101111(011110111’1),00, 11, 100, 177;
1111111111 111111, 000, 010.

00111111 (dicere), 110, 070.

0001111 (1111111), 001.

011011111Ιῇ· 1111111117, 70, 1071 subjunctis
111111 cum exprimant 11111 11111111 11111·-
1111011, 1101111111011111 pur 1111111101,
0, 0, 011, 0101111111111.

00111011 (mx), 111.

3001111111, 000, 000.

80111111, 00, 001 1101111111, 00, 00.

0011111111, 01, 07, 001.

0010100.

Sumere, (1011101101111111111, 107.

Suppuratio, 0011.

Summo (pedis), 111, 1011070.

00111110111, 010.

Summo, 111.

0011111111, 111.

Tamum 01,]11111· 11111 (1111111111, 00.

11111111, 000.

’1111001 (1111111111 ou 11 cogitando), 171,
111, 111, 111.

Τ1111111111(111’111·1), 011.

’1111111 (11 (1111111111 stylo), 071.

'rm-m, 01.

111111111110111, 077.

ruenda, 07,

Tota 111111 = per 11111111 Asiam, 01, 010.

’1111111101 (11111111), 000.

numicio 1111 plebem, 00.

’1111111111 (ι·11011),071.

Trita 1111111, 101.
Τρο1111, 00.

0111, 111, 111, 111.

11111111, 11,

1111110170.

Onus 1111111111· 11111 un relatis devant
un 110111 propre, 000, 000.

1111111111, 110, 107, 170,171.

1111111101, 170, 0001 perturbamus, 010,
07ος urbane, 171.

Usque... ᾳ1111111,07.

1111113110 1,11,11, 111, 101, 111,
0011111, depuis que, 10.

110011 (dicendi genus), 110. v

1111111111, 010.

ν1111,111.

1111111111, 00, 00, 100, 107, 110, 100,
111. 111, 111, 101, 111, 111.

1111111111, 00,101, 000, 010.

Velare, 11111111111, 00 Ι.

V 1111101111 (01111111), 171, 001.

7111111 1111111111 11111 du 1111111111, 1, 0,
10, 117, 11ος 11111111111115111111 1111
(111111111111111111,00, 00, 00.

7111111111111111, 071.

01110101, 170, 000.

71101111111110111 qui-lem, 011.

11111111 (1111110111), 071.

111111101(111111111111’1), 000.

0111111το100, 170.

011111101101, 010, 001.

111101111111111111 111 111111111111,000.

V 11111111, 000.

01101101 (1111111111 oratio), 00.

Vm (11101011), 10, 000.

11111111, 000.

Vm, 00, 110, 000, 070, 001.

Vim atque 1111111, 00.

11101111110111, 17. cf. Lmules.

0011111, 010.

1101011111, 100, 100, 100, 000.

10100111 (verbis), 000.

θ’011111111111,100, 100.

10111111 (11111111111111 verba), 01110110,

1111111111, 111,111,111,111,1111.

vnum, 111, 111.

Xystus, 10.

11111110111111.

 

