INDEX.

Devotam, 770, rna.

meretrice. 177, 7110.

1111771117, 177.

1711111, 711, 777, 777.

nanum, 771, 710.

1111111717 (111-1117), 777, digniter 11171111,
777, 770.

urorum (1 717777), 777,

1711771177 (11117111), 777,111’1111117111-
1111711, 777.

1711117117, 117, diligenter dicere, 107,
1111, 111, 177.

Dirce, inmeritis, 717.

1717771117, 11117111 eloquens. 71, 117.

1717777777 (17 disserendo), 117, 111, 777,
(edisserere, 717, 110).

1777777777, 117, 777.

mannua 111 1117711111, 711.

1117771171 (71 ,17117171 111 11117), 17, 7711.

Diutius 7171771771 71117771.

Durum (disponer 177 7737717717), 707.

1111777, 7777 delectare et 71177777,1711,
177, 700, 777;1177777]’71717117,77,77,
77711.

171111, 1111711 vulgus, 171,177,177,
171, 111, 171.

1717777111, rependent 7 ἐπιπὴμη 77 17
1171111117 greeque, 77, 77, 110, 777,
710, 717 711171ιί111.

1711111111, 777.

Dorou (111111), 11, 117, 777.

11177777 (777117 longius), 771.

Dudum, 1711, m.

11171717 (verbis), 171, 777, 777.

1171717771, 107, 777.

Durus (1711117777), 117, dura 777111, 771.

Ε 11777771 Parere, 71.

Erre, 777717 nominetis, 177.

Mer. ,11771777171117 1111111171, 771.

1117771717777, 711.

Eoum (7 preposite), 117.

1111111, 717111.

Burro (ererlerrr's), 07.

1117777, 77.

11771777 (771111), 711, 77, 177, 110, 177,
7117, 777, 777, 707, 707, elegans 11·
genium, 170, eleganter. 77, 1711, 177,
777, 777 (pereleganter).

Euemn, 71, 111, 111,1.11,111,711.

1777111117, 100.

Elb'pree 11777117,10, 110, 777, 777,
111 pronon re'sse'ebi eujet de 17 propo·
711117 1111111117, 17, 7771171711 71177
111 77177171111717111, 17.

1111117117, 771.

1117711777, 777.

murm.

257

1111177717, 77, 117.
1111111111, 177.
Eripere 71771111171111717 preporirien, 70.

Erum-rur (genus 11177770, 177.
71111711, 711.
Ευ1177717(17711“1), 77.
1771777177111177, 771.
Eunu, 177.

Exereere 11117711, tenir en 11717117, 770.

77177177111(γύμ117711), 771, 771, 777,
7.·11ς77777111111771, 777171771 117 7111-
rorique, 111, 111, 711,117,711,111.

7777171717117, 177, 1711, 777.

771117, 77, 111, 717177111111, 7111, 771-
11177, 770.

Extremus, 17 critique, 77, existimarer,
17, 111, 711, 717, 771.

1171777777 genus 7111171111, 777. cf.
07171117. ’

1177711777, 1110, 770, 771, 777, 717,
777, 771, 770, expedire, 777.

7777117111, 117.

1771711717 (en ,7711711 11771 1117711177 17117
1711111111 1177171171),111, 171.

1711177117, 771, 777, 771, 777, exque*-
7117, 777.

emerem gerres 1711111717, 771.

1771171771, 77.

1111117, 177117, 117, 171, 177, 777.

recum, 77, 177, 177117, 771, 717,
770, 707, 771,[77117, 177, 1711.

11777717111μ777 1111117, 771.

11711177, 170, sutile, 770.

111111,7717,117,711117 verbe 111 1177117-
11711711οροιίιίο7, 71, 170, 177, 1717,
1170, 707, 710, secere 1111111111 verbe
’7 1111111111 (rideri secie), 117, --
equus 111 serit, 177.

1717717711, 70.

nouem (1111177771),111,711,117177.

77777177, 107,177, 111.

7771771117, 177.

71111(111771[1111 orare), 177, 1117. cr.
1117777.

flagrantius. comparetis 7717, 707.

71771777117.

rueme (er. mre), 117, 117, 777.

177117111101717117111), 771.
77177177, 771.

Fini, 77, 773. m.

1177777 (117111 fluit), 771.

Pom (17 model& oppone ’7 liniamenta,
17 11777111), 70, - [171117 ingenti, 7111,
717, - firme 7711171111 (σχήματα),
77, sorren digniter, le grene! 711 117
1117171177 17 tribune, 777, 771.

11

 

