256

1111111 (111111), 171.

1111111, 11,11, 111.

1111111111, 117.

11111111, 11, 117 (1111111111), 117,111.

An, 11111111,11, 11, 111, 111, 1111, 111,
111, 111, 111, 111, 111.

Arrr'srs, 1111111111 111)11111111111,11.

Arm, 11, 111, 111 (aspere).

Asserrrrrr, parler 1111111111111,111.

Arridrrr'rrr'rrre, 1111111111,111.

1111111111, 11, 11, 1111, 171, 1111, 117.

Αεμιὶὶαε, 111, 11, 71, 71,11, 111, 111,
111, 25⁸.

1111111111, 111.

Amanum, 111.

Auum (αὔξησις), 17, 11, 111.

Arnim, 11.

Amnes, 1 11111111, 111 (1111111111 des
11111111111111 marne 1111111 Rome,
111, 111, 111.

Barbaria 11 barbaria, 111.

11111111 11 1111 de optimates, 1,171.
11111111 (1111111111), 111.

111111, 11, 11, 111, 111 (11111111), 111.
1111111111, 11,11.

11111111, 117.

011111 (11 [1111111111 11 11111111 111-

11111),11.
011111 (111111), 111.
0111111111, 111.
01111111, 171, 111.
01111111, 111, 111,117, 111, 1111, 117.
Carere, 1111111111111, 11.

0111111, 111.

cedo, 1111111111, 111.

0111111111, riurein& d'inrention, ⁶³3 11-
Irritus 1111111111, 1111, 111, ³²⁰3 1111·
11111 rerba 1111111, 111.

centumviri. 1111 11111111νί111 1111111111,
117.

circulari, 1111.

emersurum, 111.

01111111111111, 11.

0111111111111, terme infidique, 11, 1111.

clamator, 711.

Clamores, 1111111, 111, 111.

0111111111,1111111 claudicare, 111.

cornuum: (rerba), 11.

Capi, coeperu 1111, 11, 111,111, 111.

Mra, membres de plrme, 111.

011111111111, 1111,

01111111111111), 1111.

Com (1111111111), 1111 11111· 1111111111,
1111 color 1111111111, 171 (11111111-
11111111111111 111111, 171).

0111111111, 111.

111111. ’

0111111 (orationis), 111.

0111111111111, 1111111, 111.

0111111111, 17, 111,111, 111.

0111111111, 17,111, 111,171.

0111111111, 111, 117.

comperendinatus, 17.

crurum: (m, 111 arguments), 22 7 ‚
111,111, 1111 componere verba (dnnS
11 (1111111), 11,117,111, 171.

0111111111111111111), 1111.

0111111111111(11111), 11, 111.

011111111111 (verborum), 11, 11, 11 0 2
111, 111, 111.

0111111111111111), 11.

01111111111111 (1111111111), 117.

01111111111, 111, 111, 111.

0111111111, 171, 111.

01111111, 11.

0111111111 (rerba), 11, 171.

0111111111, 11,

011111111111111111111111111(1χήματα) r
110.

0111111111, 111.

0111111111 (ramam), 17.

0111111111, 171.

011111111111 κατὰ 11111111, 11, 111, 111.

0111111111,-111,111, 171,111,111,111.

0111111111 (verborum), 1111.

0111111111, 111, 111.

Convertere, 111111ιί111, 11 Ι.

-’ com, 11, 11, 111, 111, 1111111111,

111, 111, 111, 111-111, 111, 111.

Conon, 1111,111, 171, 111.

01111111, 111,171, 1111.

Omra, l'asrirtrnee, 111, 111, 111.

0111111 (1111111111),11, 171, 111, 111,
111, 111.

0111111111, 111.

0111111111, 111.

0111111111, 111 (criminose, 111).

Cum 1131111111111111 111 sois qu 111111
subjunctis, 111.

0111111111 (1111111), 117.

01111111 (111·111111111 oracionis), 111, 111.

1711111111 (1111111111), 1.

111111111111, 1111.

1111111111(ᾰί11111111), 111.

11111111111(1ἰ1]1111111111111), 111. .

1111111111 1111111 1 ducere 1111111111
'nour 1111111111 triple 1111 dc 11111-
11111, 111, 1171 (1111111111 du mot, 111.

omerus (11111111), 111, 111.

011111111111171111 uu ginitiffilla Laelia),

· 11, 111, 1111111111 un relatis (rer
111 = m 1111), 111.

1111111111, 11101. Crrpr'. ·

 

